#pt3d 680
269.1774 219.7412 634.4186
269.2283 219.7691 634.3093
269.2807 219.796 634.1982
269.3349 219.8219 634.0848
269.391 219.8466 633.9689
269.4492 219.8701 633.8502
269.5096 219.8923 633.7283
269.5725 219.9131 633.6031
269.6381 219.9324 633.4743
269.7064 219.9505 633.3418
269.7777 219.9673 633.2051
269.8875 220.001 632.9887
269.9981 220.0299 632.7753
270.1094 220.0544 632.5647
270.2216 220.0751 632.3565
270.3347 220.0927 632.1503
270.4488 220.1077 631.9456
270.564 220.121 631.7418
270.6803 220.1328 631.5386
270.7978 220.1437 631.3355
270.9165 220.1538 631.1319
271.0364 220.1634 630.9275
271.1576 220.1723 630.7218
271.2803 220.1808 630.5148
271.4045 220.1887 630.3063
271.5302 220.196 630.0962
271.6574 220.2026 629.8845
271.786 220.2083 629.671
271.9159 220.2129 629.4557
272.0469 220.2162 629.2385
272.179 220.2177 629.0194
272.312 220.2173 628.7984
272.4457 220.2147 628.5754
272.5801 220.2097 628.3504
272.715 220.2021 628.1232
272.8504 220.1918 627.8936
272.9859 220.1788 627.6615
273.1215 220.1631 627.4269
273.2569 220.1448 627.1894
273.3917 220.1244 626.949
273.5258 220.1022 626.7054
273.6589 220.0789 626.4588
273.7912 220.0548 626.2092
273.9226 220.0306 625.957
274.0532 220.0066 625.7023
274.1826 219.9828 625.445
274.3109 219.9593 625.1852
274.4378 219.936 624.9228
274.5634 219.9132 624.658
274.6873 219.8908 624.391
274.8095 219.869 624.122
274.9298 219.8473 623.8511
275.0481 219.8252 623.5789
275.1642 219.8024 623.3054
275.278 219.7786 623.0311
275.3893 219.7532 622.7563
275.4983 219.726 622.4813
275.6048 219.6966 622.2065
275.709 219.665 621.9319
275.8112 219.6315 621.6578
275.9115 219.5962 621.3843
276.0106 219.5594 621.1114
276.1084 219.5212 620.8392
276.2052 219.4817 620.5676
276.3011 219.4409 620.2964
276.3962 219.3991 620.0255
276.4909 219.3567 619.7553
276.5857 219.3139 619.486
276.6808 219.2711 619.218
276.7766 219.2281 618.9517
276.8734 219.1848 618.6874
276.9712 219.1413 618.4256
277.0702 219.0984 618.1665
277.1704 219.0571 617.9102
277.2717 219.017 617.6571
277.3739 218.9778 617.4072
277.477 218.9395 617.1606
277.5807 218.9017 616.9172
277.6848 218.8644 616.677
277.789 218.8276 616.4397
277.893 218.7907 616.2052
277.9964 218.7537 615.973
278.0989 218.7163 615.7428
278.2002 218.6792 615.5142
278.3001 218.6427 615.2866
278.3984 218.6074 615.0595
278.4953 218.5734 614.8323
278.5908 218.5409 614.6045
278.6853 218.5099 614.3756
278.7789 218.48 614.1452
278.8722 218.451 613.9127
278.9661 218.4233 613.678
279.0611 218.3973 613.4407
279.1576 218.3726 613.2007
279.2553 218.3488 612.9578
279.354 218.3259 612.7119
279.4534 218.3045 612.4629
279.5535 218.2852 612.2108
279.6542 218.2683 611.956
279.7557 218.2539 611.6987
279.8578 218.242 611.4393
279.9607 218.2329 611.1783
280.0644 218.2265 610.9162
280.1687 218.2228 610.6536
280.2733 218.2216 610.3908
280.3779 218.2227 610.1283
280.482 218.2258 609.8665
280.5848 218.231 609.6059
280.6858 218.238 609.3467
280.7843 218.2472 609.0891
280.8798 218.2587 608.8334
280.9721 218.2727 608.5799
281.061 218.2883 608.3287
281.1464 218.3053 608.0799
281.2289 218.3233 607.8335
281.3095 218.3426 607.5897
281.389 218.3634 607.3482
281.4679 218.3856 607.1089
281.5467 218.4091 606.8715
281.6254 218.434 606.6355
281.7043 218.4605 606.4002
281.7833 218.4887 606.165
281.8625 218.519 605.9294
281.9419 218.5516 605.6929
282.0216 218.5865 605.455
282.1019 218.6241 605.2155
282.1828 218.6643 604.9743
282.2646 218.7074 604.7313
282.3473 218.7533 604.4867
282.4312 218.8019 604.2405
282.5163 218.8531 603.993
282.6024 218.907 603.7445
282.6889 218.9636 603.4949
282.7752 219.0226 603.2444
282.8609 219.0841 602.9931
282.9454 219.148 602.7409
283.0283 219.2143 602.488
283.1097 219.2829 602.2344
283.1894 219.3539 601.9805
283.2677 219.4274 601.7261
283.3447 219.5032 601.4716
283.4204 219.5815 601.217
283.4951 219.6621 600.9625
283.5686 219.7452 600.7082
283.6412 219.8306 600.4542
283.7128 219.9184 600.2005
283.7833 220.0084 599.9473
283.8529 220.1005 599.6949
283.9218 220.1945 599.4435
283.9904 220.2901 599.1935
284.0592 220.3869 598.9453
284.1286 220.4846 598.6991
284.199 220.5827 598.4553
284.2706 220.6808 598.2141
284.3438 220.7783 597.9756
284.4187 220.8747 597.74
284.4956 220.9694 597.5073
284.5743 221.062 597.2773
284.6546 221.152 597.0496
284.7364 221.2391 596.824
284.8194 221.3228 596.6002
284.9034 221.4029 596.3777
284.988 221.4796 596.1562
285.0732 221.5529 595.9352
285.1589 221.6232 595.7142
285.2449 221.6908 595.4929
285.3314 221.7564 595.271
285.4185 221.8206 595.0482
285.5063 221.8843 594.8241
285.5944 221.9485 594.5986
285.6828 222.014 594.3712
285.7713 222.0815 594.1419
285.8598 222.1517 593.9107
285.9483 222.2252 593.6776
286.0368 222.3023 593.4428
286.1254 222.3832 593.2067
286.2144 222.4679 592.9696
286.3039 222.5562 592.7318
286.3941 222.6476 592.4937
286.4852 222.7416 592.2557
286.5772 222.8379 592.018
286.67 222.9361 591.7807
286.7636 223.0356 591.5441
286.858 223.1361 591.3081
286.953 223.2374 591.0727
287.0484 223.339 590.8377
287.1439 223.4409 590.603
287.2389 223.543 590.3684
287.333 223.645 590.1335
287.4258 223.7468 589.8979
287.5168 223.8483 589.6615
287.6058 223.9493 589.424
287.6926 224.0498 589.1853
287.7768 224.1498 588.9453
287.8585 224.2492 588.7039
287.9377 224.3481 588.4611
288.0144 224.4464 588.2171
288.0888 224.5442 587.9719
288.1611 224.6416 587.7257
288.2315 224.7389 587.4786
288.3003 224.8362 587.231
288.3678 224.9335 586.9829
288.4344 225.031 586.7344
288.5003 225.1286 586.4858
288.5659 225.2263 586.2371
288.6316 225.3241 585.9886
288.6977 225.422 585.7402
288.7644 225.5201 585.492
288.8321 225.6182 585.2443
288.9011 225.7164 584.997
288.9713 225.8147 584.7502
289.043 225.9133 584.504
289.116 226.0123 584.2585
289.1904 226.1117 584.0136
289.266 226.2118 583.7695
289.3427 226.3127 583.5261
289.4203 226.4145 583.2835
289.4986 226.5173 583.0415
289.5773 226.6213 582.8002
289.6565 226.7264 582.5594
289.7359 226.8326 582.3189
289.8155 226.9398 582.0788
289.8952 227.0476 581.8387
289.9753 227.1559 581.5984
290.0555 227.2645 581.3578
290.1362 227.3729 581.1165
290.2173 227.481 580.8743
290.299 227.5884 580.6311
290.3813 227.6949 580.3867
290.4641 227.8004 580.1411
290.5475 227.9049 579.8944
290.6314 228.0084 579.6466
290.7157 228.1109 579.3981
290.8002 228.2127 579.149
290.8846 228.3141 578.8998
290.9687 228.4154 578.6508
291.0522 228.5167 578.4025
291.1348 228.6185 578.1552
291.2161 228.7209 577.9094
291.2959 228.8241 577.6652
291.3737 228.9282 577.423
291.4492 229.0334 577.1829
291.5219 229.1396 576.9452
291.5916 229.2466 576.7098
291.6579 229.3545 576.4766
291.7205 229.463 576.2458
291.7791 229.572 576.017
291.8338 229.6813 575.7902
291.8845 229.7907 575.565
291.9314 229.9001 575.3411
291.9747 230.0092 575.1181
292.0149 230.1178 574.8955
292.0524 230.2258 574.6728
292.0879 230.3331 574.4496
292.1219 230.4396 574.2253
292.1552 230.5452 573.9994
292.1883 230.6498 573.7716
292.2218 230.7534 573.5413
292.2561 230.856 573.3085
292.2916 230.9577 573.073
292.3284 231.0586 572.8347
292.3667 231.1589 572.5936
292.4064 231.2587 572.35
292.4475 231.3581 572.1039
292.4898 231.4573 571.8558
292.5331 231.5566 571.6059
292.5774 231.6561 571.3545
292.6225 231.7558 571.1018
292.6682 231.8558 570.8481
292.7146 231.9561 570.5936
292.7615 232.0567 570.3386
292.8087 232.1575 570.0833
292.856 232.2585 569.8277
292.903 232.3595 569.5719
292.9496 232.4605 569.3161
292.9955 232.5614 569.0604
293.0405 232.6622 568.8049
293.0845 232.7629 568.5497
293.1275 232.8636 568.2947
293.1694 232.9645 568.0402
293.2101 233.0657 567.7863
293.2496 233.1674 567.5329
293.2878 233.27 567.2804
293.3247 233.3737 567.0287
293.3603 233.4786 566.778
293.3945 233.585 566.5284
293.4271 233.6929 566.2802
293.4578 233.8023 566.0335
293.4864 233.9132 565.7885
293.5126 234.0253 565.5456
293.5362 234.1384 565.3048
293.5569 234.2522 565.0666
293.5747 234.3662 564.8312
293.5898 234.4801 564.5988
293.602 234.5934 564.3696
293.6115 234.7057 564.1435
293.6184 234.8167 563.9207
293.623 234.926 563.701
293.6254 235.0333 563.4841
293.6257 235.1384 563.2697
293.624 235.241 563.0574
293.6206 235.3412 562.8466
293.6155 235.4388 562.6367
293.6088 235.5337 562.4271
293.601 235.6261 562.2174
293.5921 235.7158 562.007
293.5826 235.8032 561.7954
293.5726 235.8883 561.5824
293.5626 235.9714 561.3675
293.553 236.0527 561.1505
293.5442 236.1325 560.9314
293.5362 236.2109 560.7099
293.5287 236.2882 560.4862
293.5213 236.3647 560.2601
293.5137 236.4407 560.0318
293.5059 236.5164 559.8013
293.4978 236.5919 559.5687
293.4894 236.6674 559.3343
293.4811 236.7432 559.0981
293.4731 236.8194 558.8603
293.4658 236.8962 558.6211
293.4595 236.9738 558.3806
293.4541 237.0524 558.1391
293.4495 237.1321 557.8967
293.4452 237.2131 557.6535
293.4404 237.2956 557.4094
293.4352 237.3796 557.1646
293.4302 237.4656 556.9189
293.4255 237.5536 556.6723
293.4214 237.6439 556.4248
293.4175 237.7366 556.1762
293.4134 237.8318 555.9264
293.4086 237.9296 555.6753
293.403 238.03 555.4228
293.3967 238.1331 555.1688
293.3898 238.2387 554.9133
293.3824 238.3468 554.6563
293.3752 238.4573 554.3978
293.3686 238.5699 554.1377
293.3629 238.6846 553.8762
293.3577 238.8009 553.6132
293.3529 238.9187 553.3488
293.3485 239.0377 553.0832
293.3444 239.1577 552.8166
293.3407 239.2787 552.5492
293.3375 239.4005 552.2813
293.3346 239.5231 552.0133
293.3315 239.6463 551.7454
293.327 239.7702 551.4781
293.3205 239.8945 551.2118
293.3114 240.0183 550.9463
293.2997 240.1408 550.6818
293.2856 240.2615 550.4183
293.2694 240.3798 550.1562
293.2514 240.4955 549.8955
293.2316 240.6084 549.6367
293.2101 240.7183 549.38
293.1864 240.8251 549.1259
293.1603 240.9288 548.8743
293.1315 241.0293 548.6257
293.1 241.1268 548.3801
293.0663 241.2214 548.1377
293.0309 241.3131 547.8983
292.9942 241.4014 547.6614
292.9568 241.4861 547.4265
292.9193 241.5669 547.1934
292.8817 241.6444 546.9613
292.8444 241.7189 546.7295
292.8071 241.791 546.4976
292.77 241.861 546.265
292.7329 241.9297 546.0312
292.6956 241.9983 545.7962
292.6579 242.0679 545.56
292.6198 242.1391 545.3223
292.5812 242.2127 545.0832
292.5419 242.2891 544.8426
292.5019 242.3686 544.6003
292.4616 242.4506 544.356
292.4209 242.5347 544.1095
292.3798 242.6204 543.8605
292.3382 242.7071 543.6089
292.2963 242.7943 543.3545
292.254 242.8817 543.0973
292.2114 242.9692 542.8376
292.1687 243.0569 542.5755
292.1259 243.1453 542.3116
292.0833 243.2344 542.0456
292.0416 243.3239 541.7782
292.0015 243.4136 541.5094
291.9635 243.5033 541.2396
291.9275 243.593 540.9689
291.8937 243.6824 540.6976
291.862 243.7716 540.4258
291.8325 243.8603 540.1539
291.8049 243.9485 539.8821
291.7794 244.0359 539.6107
291.7557 244.1223 539.3399
291.7337 244.2077 539.0701
291.7132 244.2924 538.8019
291.6938 244.3768 538.5357
291.6755 244.4613 538.2721
291.6581 244.5459 538.0115
291.6414 244.6308 537.754
291.6253 244.7159 537.4998
291.6096 244.8011 537.2491
291.5942 244.8861 537.0016
291.5786 244.9706 536.7574
291.5628 245.0543 536.5163
291.5463 245.1367 536.2781
291.5288 245.2174 536.0427
291.5103 245.296 535.8099
291.491 245.3721 535.5795
291.4708 245.4454 535.3515
291.4499 245.5156 535.1257
291.4286 245.5823 534.902
291.407 245.6452 534.6802
291.3854 245.7041 534.4604
291.3639 245.7586 534.2422
291.3428 245.8089 534.0255
291.3223 245.8547 533.8102
291.3023 245.8963 533.596
291.2833 245.9337 533.3824
291.2653 245.9672 533.1692
291.2483 245.9972 532.9559
291.2322 246.024 532.7421
291.2169 246.0482 532.5272
291.2021 246.0704 532.3107
291.1879 246.0911 532.0921
291.174 246.1108 531.8709
291.1602 246.1304 531.6465
291.1461 246.1502 531.4185
291.1317 246.1709 531.1864
291.1166 246.1932 530.9498
291.1011 246.2172 530.7083
291.0851 246.243 530.4616
291.0689 246.2707 530.2095
291.0525 246.3002 529.9519
291.0362 246.3315 529.6886
291.0202 246.3646 529.42
291.0046 246.3992 529.1463
290.9898 246.4352 528.868
290.9762 246.4722 528.5856
290.964 246.5102 528.3
290.9536 246.5488 528.012
290.9455 246.5877 527.7224
290.9401 246.6268 527.4324
290.9377 246.6657 527.1428
290.9387 246.704 526.8546
290.9432 246.7415 526.5686
290.951 246.778 526.2855
290.962 246.813 526.006
290.9759 246.8462 525.7308
290.9923 246.8769 525.4602
291.0108 246.9047 525.1947
291.0307 246.9293 524.9346
291.0513 246.9514 524.6799
291.0719 246.9716 524.4308
291.0919 246.9905 524.187
291.1111 247.0081 523.9483
291.129 247.0247 523.7142
291.1457 247.0399 523.4841
291.1612 247.0533 523.2574
291.1757 247.0645 523.0333
291.1894 247.073 522.8107
291.2026 247.0791 522.5889
291.2153 247.0832 522.367
291.2277 247.0864 522.1443
291.24 247.0888 521.9203
291.2525 247.0902 521.6945
291.2652 247.0909 521.4667
291.2785 247.0912 521.2368
291.2924 247.0913 521.0049
291.3069 247.0915 520.7713
291.3221 247.0923 520.5361
291.3382 247.094 520.2998
291.355 247.0967 520.0624
291.3727 247.1 519.8241
291.3914 247.1035 519.5852
291.411 247.1068 519.3457
291.4315 247.1098 519.1055
291.4526 247.1127 518.8645
291.4743 247.1157 518.6224
291.4962 247.1193 518.379
291.5181 247.1236 518.1338
291.5397 247.1285 517.8866
291.5609 247.1333 517.6368
291.5815 247.137 517.384
291.6014 247.1389 517.1277
291.6202 247.1391 516.8673
291.6373 247.138 516.6024
291.6524 247.1358 516.3324
291.665 247.1328 516.057
291.6748 247.129 515.7757
291.6817 247.1249 515.4883
291.6856 247.1207 515.1949
291.6868 247.1167 514.8955
291.6856 247.1131 514.5906
291.6827 247.1101 514.2808
291.6789 247.1079 513.967
291.6751 247.1067 513.65
291.6713 247.1067 513.3311
291.6675 247.1081 513.0115
291.6639 247.1108 512.6924
291.6605 247.1153 512.375
291.6576 247.1216 512.0605
291.6555 247.1301 511.7497
291.6546 247.1412 511.4435
291.6549 247.1552 511.1427
291.6565 247.172 510.8477
291.6593 247.1915 510.5589
291.663 247.2134 510.2766
291.6676 247.2372 510.0006
291.673 247.2626 509.7308
291.6793 247.2891 509.4669
291.6862 247.3162 509.2084
291.6936 247.3435 508.9548
291.7015 247.3707 508.7055
291.7093 247.3974 508.4597
291.7169 247.4236 508.2166
291.7239 247.4494 507.9752
291.7294 247.4748 507.7344
291.7332 247.5 507.4934
291.7359 247.525 507.2513
291.7379 247.5497 507.0071
291.7395 247.5739 506.7602
291.7409 247.5973 506.5098
291.7421 247.6193 506.2554
291.7432 247.6397 505.9968
291.744 247.6585 505.734
291.745 247.6754 505.4673
291.7466 247.6905 505.1969
291.7493 247.7041 504.9234
291.7532 247.7165 504.6471
291.7582 247.7282 504.3688
291.7643 247.7395 504.089
291.7712 247.7511 503.8082
291.7789 247.7633 503.5268
291.7873 247.7767 503.2451
291.7964 247.7914 502.9632
291.806 247.8076 502.6814
291.8157 247.8255 502.3999
291.8259 247.8451 502.119
291.837 247.8667 501.8387
291.849 247.8905 501.5593
291.8617 247.9171 501.2811
291.8748 247.9469 501.0043
291.8885 247.9802 500.729
291.9027 248.017 500.4555
291.9177 248.0567 500.1836
291.9336 248.0984 499.913
291.9503 248.1416 499.6436
291.9676 248.1854 499.375
291.9854 248.2294 499.1072
292.0035 248.2736 498.8399
292.022 248.3173 498.5733
292.041 248.3598 498.3072
292.0606 248.4 498.0417
292.0809 248.4379 497.7772
292.1018 248.4735 497.5139
292.1231 248.5073 497.252
292.1451 248.5391 496.9917
292.1679 248.5686 496.7331
292.1918 248.5952 496.4758
292.2166 248.6187 496.2198
292.2422 248.6388 495.9645
292.2682 248.6553 495.7095
292.294 248.668 495.4543
292.3192 248.6775 495.1982
292.3438 248.6848 494.941
292.3676 248.6908 494.6824
292.3907 248.696 494.4222
292.4132 248.7009 494.1603
292.4351 248.7054 493.8965
292.4564 248.7087 493.6308
292.4769 248.7099 493.3632
292.4962 248.7094 493.0938
292.5142 248.7077 492.8225
292.5307 248.7055 492.5495
292.5456 248.7031 492.2749
292.5593 248.7002 491.9991
292.5721 248.6966 491.7222
292.5847 248.6927 491.4447
292.5976 248.689 491.1669
292.6115 248.6861 490.8893
292.6266 248.6842 490.6121
292.6435 248.6832 490.3356
292.6626 248.6829 490.0599
292.6845 248.6832 489.7854
292.7096 248.6836 489.5121
292.7377 248.6838 489.2397
292.7684 248.6833 488.9682
292.8014 248.6822 488.6972
292.8362 248.6804 488.4264
292.8722 248.6781 488.1555
292.9089 248.6761 487.8841
292.9462 248.6746 487.6118
292.9841 248.6731 487.3383
293.023 248.6711 487.0633
293.0627 248.6684 486.7866
293.1032 248.665 486.5077
293.1442 248.661 486.2264
293.1854 248.656 485.9426
293.2265 248.6498 485.6565
293.2672 248.6423 485.3681
293.3074 248.6335 485.0775
293.3473 248.6235 484.7852
293.387 248.6126 484.4913
293.4267 248.6011 484.1964
293.4666 248.589 483.9006
293.5067 248.5763 483.6043
293.5472 248.5629 483.308
293.5883 248.5487 483.0119
293.6303 248.5332 482.7164
293.6741 248.516 482.422
293.7199 248.4966 482.1291
293.768 248.4743 481.8379
293.8182 248.4488 481.5489
293.87 248.4198 481.262
293.9229 248.387 480.9775
293.9767 248.3501 480.6952
294.0313 248.3089 480.4153
294.0866 248.2634 480.1378
294.1429 248.2143 479.8624
294.2004 248.1621 479.5889
294.2593 248.1074 479.3172
294.32 248.051 479.047
294.3826 247.9936 478.778
294.4472 247.9354 478.5102
294.5139 247.877 478.2433
294.5828 247.8185 477.9773
294.6539 247.76 477.7122
294.7271 247.7015 477.4478
294.8024 247.6428 477.1842
294.8789 247.5836 476.9213
294.956 247.5241 476.6588
295.0331 247.4641 476.3965
295.11 247.4039 476.1344
295.1865 247.3433 475.8721
295.2624 247.2826 475.6096
295.3377 247.2219 475.3466
295.4122 247.1615 475.0829
295.4858 247.1015 474.8183
295.5587 247.0424 474.5525
295.6308 246.9844 474.2853
295.7021 246.9278 474.0166
295.7726 246.873 473.7462
295.8423 246.8198 473.4743
295.9116 246.7685 473.2008
295.9806 246.719 472.926
296.0496 246.6717 472.6501
296.119 246.6267 472.3731
296.1891 246.5842 472.0955
296.2603 246.5443 471.8174
296.3329 246.507 471.5392
296.4078 246.4725 471.2612
296.4853 246.4411 470.9834
296.566 246.4129 470.7057
296.6501 246.3879 470.4282
296.7377 246.3658 470.151
296.8291 246.3455 469.874
296.9244 246.3262 469.5974
297.0229 246.3068 469.3211
297.1238 246.2867 469.0452
297.2263 246.2655 468.7695
297.33 246.2424 468.4943
297.4343 246.2164 468.2196
297.5392 246.1873 467.9455
297.6447 246.1559 467.6712
297.7509 246.1213 467.3973
297.8581 246.0846 467.1233
297.9278 246.0628 466.947
297.995 246.0405 466.7776
298.0598 246.0178 466.6146
298.1222 245.995 466.4577
298.1822 245.9723 466.3063
298.2401 245.9497 466.1598
298.2958 245.9269 466.018
298.3495 245.9034 465.8805
298.4013 245.8788 465.7471
298.4511 245.8528 465.6173
