#pt3d 680
365.9429 263.662 227.124
365.9962 263.653 227.0014
366.0514 263.643 226.8758
366.1088 263.6321 226.7466
366.1684 263.6204 226.6135
366.2305 263.608 226.476
366.2953 263.5949 226.334
366.3628 263.5814 226.1871
366.4325 263.5677 226.0348
366.5043 263.5536 225.877
366.5782 263.5391 225.7134
366.692 263.5175 225.4595
366.8049 263.496 225.2061
366.9176 263.4749 224.9538
367.0305 263.4541 224.703
367.1435 263.4333 224.4536
367.2562 263.4122 224.206
367.3679 263.3905 223.9602
367.4782 263.3683 223.7163
367.5868 263.3461 223.4745
367.6935 263.3241 223.2352
367.7986 263.3024 222.9986
367.9018 263.2814 222.7647
368.0031 263.2613 222.5336
368.1026 263.242 222.3056
368.2005 263.2236 222.0804
368.2967 263.206 221.8581
368.3914 263.1889 221.6383
368.4851 263.1719 221.421
368.5784 263.1546 221.2058
368.6717 263.1371 220.9925
368.7654 263.1194 220.7806
368.8596 263.101 220.5699
368.9543 263.0816 220.3597
369.0494 263.0612 220.1496
369.1452 263.0399 219.9392
369.2423 263.0176 219.7281
369.3412 262.9948 219.5158
369.4424 262.9713 219.302
369.5463 262.9475 219.0861
369.6532 262.9235 218.868
369.7629 262.8998 218.6469
369.8752 262.8765 218.4227
369.9898 262.8538 218.1953
370.1064 262.8319 217.965
370.2248 262.811 217.7318
370.3447 262.7913 217.4962
370.4664 262.7728 217.2584
370.5899 262.7556 217.0191
370.715 262.7399 216.7786
370.8411 262.7268 216.5377
370.9677 262.7167 216.297
371.0948 262.7096 216.0576
371.2222 262.7055 215.8202
371.3502 262.7042 215.585
371.4787 262.7054 215.3522
371.6074 262.7089 215.1215
371.7357 262.7145 214.8924
371.8635 262.7219 214.6647
371.9904 262.7305 214.4384
372.1165 262.74 214.2133
372.2417 262.7502 213.9891
372.3665 262.761 213.766
372.4915 262.7721 213.5442
372.6162 262.7832 213.3234
372.7404 262.7942 213.103
372.864 262.8044 212.8828
372.9871 262.814 212.6622
373.1095 262.8228 212.4413
373.2308 262.8307 212.2205
373.3507 262.8375 212.0002
373.4689 262.8428 211.7809
373.5853 262.8465 211.5628
373.6997 262.8487 211.3462
373.812 262.8499 211.1311
373.9219 262.8504 210.9178
374.0294 262.8506 210.7064
374.135 262.8502 210.4973
374.2396 262.849 210.2908
374.3434 262.8468 210.0863
374.4466 262.8439 209.883
374.5491 262.84 209.6804
374.6507 262.8348 209.4778
374.7512 262.8281 209.2748
374.8505 262.8206 209.0703
374.9505 262.812 208.8646
375.0512 262.8032 208.6575
375.1522 262.7951 208.4486
375.2536 262.788 208.2382
375.3555 262.7827 208.0258
375.4582 262.7798 207.8108
375.563 262.7792 207.5931
375.6708 262.7809 207.3724
375.782 262.7849 207.1488
375.8963 262.7919 206.9221
376.0129 262.8026 206.6928
376.1314 262.8177 206.4612
376.2517 262.8377 206.228
376.3738 262.8629 205.994
376.4977 262.8939 205.7597
376.6232 262.9312 205.5263
376.7505 262.975 205.2945
376.8795 263.0261 205.0651
377.0103 263.0849 204.8383
377.1426 263.1514 204.6143
377.2759 263.2255 204.3933
377.4094 263.3077 204.1747
377.5436 263.3975 203.9585
377.6795 263.4941 203.745
377.8168 263.5975 203.5342
377.9556 263.7075 203.3262
378.0957 263.8237 203.121
378.2371 263.9458 202.9187
378.38 264.0733 202.7193
378.5247 264.2057 202.5229
378.6715 264.3424 202.3292
378.8212 264.4823 202.1381
378.9741 264.6245 201.9495
379.1301 264.7684 201.7628
379.2889 264.9136 201.5774
379.4503 265.0592 201.3927
379.6142 265.2044 201.2081
379.7812 265.3482 201.024
379.952 265.49 200.8404
380.127 265.629 200.6577
380.3063 265.7649 200.4759
380.4897 265.8976 200.2949
380.6766 266.027 200.1145
380.8662 266.1531 199.9345
381.0578 266.2761 199.7549
381.251 266.3958 199.5759
381.4456 266.5121 199.3977
381.6411 266.6253 199.2205
381.8371 266.7359 199.0446
382.0333 266.844 198.8703
382.2295 266.9501 198.6979
382.4255 267.0545 198.5276
382.6213 267.1575 198.3593
382.8168 267.2597 198.1931
383.0119 267.3615 198.0289
383.2066 267.4634 197.8668
383.401 267.5658 197.707
383.5955 267.6689 197.5497
383.7896 267.7731 197.3943
383.983 267.8785 197.24
384.176 267.985 197.0866
384.3696 268.0921 196.9342
384.5643 268.1995 196.7827
384.761 268.3064 196.6324
384.9601 268.4128 196.4834
385.1616 268.5187 196.336
385.3654 268.6239 196.1899
385.5711 268.7283 196.0454
385.7783 268.8316 195.9022
385.9867 268.9337 195.7607
386.1961 269.0343 195.6211
386.4065 269.1331 195.4839
386.6182 269.2299 195.3496
386.8316 269.3241 195.2185
387.047 269.4153 195.0904
387.2642 269.5031 194.9652
387.4832 269.5871 194.8423
387.7037 269.6671 194.7211
387.9255 269.7431 194.6012
388.1488 269.8147 194.4824
388.3743 269.8813 194.3652
388.6016 269.9432 194.2489
388.83 270.0008 194.1328
389.0593 270.0545 194.0164
389.289 270.1044 193.8993
389.5188 270.1504 193.7806
389.7486 270.1921 193.6596
389.9785 270.2292 193.5357
390.2087 270.2617 193.4086
390.4394 270.2896 193.2779
390.6706 270.313 193.143
390.9021 270.3322 193.0032
391.1338 270.3475 192.8581
391.3652 270.3591 192.7073
391.5959 270.3677 192.5507
391.8249 270.3739 192.3879
392.0519 270.3778 192.2191
392.2765 270.3796 192.0443
392.4984 270.3793 191.8635
392.7167 270.3771 191.6763
392.9307 270.3734 191.4824
393.1392 270.3685 191.2813
393.3415 270.3624 191.0735
393.537 270.355 190.8596
393.7253 270.3463 190.6404
393.9059 270.3368 190.4166
394.0784 270.3269 190.1891
394.2426 270.317 189.9587
394.3976 270.3075 189.7259
394.5426 270.2989 189.491
394.6769 270.2914 189.2543
394.7998 270.2851 189.0164
394.911 270.2801 188.7778
395.0097 270.2765 188.5386
395.0961 270.2744 188.299
395.1705 270.2736 188.059
395.2337 270.2744 187.819
395.2862 270.277 187.5789
395.3282 270.2817 187.3383
395.3605 270.2887 187.0967
395.3841 270.2984 186.854
395.3997 270.3109 186.6097
395.4077 270.3263 186.3637
395.4088 270.3446 186.1156
395.4037 270.3658 185.8656
395.3927 270.39 185.6135
395.3762 270.4168 185.3595
395.3549 270.446 185.1034
395.3294 270.4774 184.8453
395.3004 270.5107 184.5853
395.2684 270.5459 184.3234
395.2338 270.5826 184.06
395.197 270.6207 183.7953
395.1583 270.6602 183.5294
395.118 270.701 183.2629
395.0763 270.7429 182.9959
395.033 270.7861 182.7292
394.9882 270.8304 182.463
394.9424 270.8762 182.198
394.896 270.9236 181.9343
394.8491 270.9726 181.6725
394.8016 271.0229 181.4123
394.7536 271.0746 181.1538
394.7053 271.1275 180.8966
394.657 271.1816 180.6404
394.6083 271.237 180.385
394.5594 271.2936 180.1299
394.51 271.3513 179.875
394.4599 271.4103 179.6203
394.4086 271.4706 179.3658
394.356 271.5322 179.1116
394.3021 271.5952 178.8577
394.2469 271.6596 178.6043
394.1908 271.7253 178.3513
394.1344 271.7923 178.0988
394.0786 271.8603 177.8469
394.0241 271.929 177.5956
393.9718 271.998 177.3448
393.9224 272.067 177.0947
393.8765 272.1354 176.8454
393.8349 272.2029 176.597
393.7982 272.2692 176.3497
393.767 272.3339 176.1039
393.7418 272.3966 175.8598
393.7232 272.4573 175.6178
393.7116 272.5155 175.3784
393.7076 272.5711 175.1421
393.7116 272.6244 174.9093
393.724 272.6755 174.6802
393.7448 272.7244 174.4552
393.7742 272.7717 174.2345
393.8118 272.8178 174.0181
393.8577 272.8635 173.8063
393.9115 272.9095 173.5989
393.9729 272.9568 173.3957
394.0417 273.0064 173.1965
394.1173 273.0597 173.0011
394.1997 273.1178 172.8092
394.2888 273.182 172.6203
394.3843 273.2532 172.4345
394.4865 273.3325 172.2513
394.5955 273.4208 172.0705
394.7112 273.5188 171.8922
394.8337 273.627 171.7163
394.9629 273.7458 171.5429
395.0987 273.8753 171.3721
395.2408 274.0152 171.2042
395.3892 274.1651 171.0392
395.5435 274.3242 170.8777
395.7032 274.4919 170.72
395.868 274.6673 170.5667
396.0376 274.8493 170.4182
396.2118 275.0366 170.2753
396.3901 275.2279 170.1383
396.5722 275.4218 170.008
396.7579 275.6167 169.8849
396.9468 275.8114 169.7695
397.1386 276.0046 169.6621
397.3332 276.1951 169.5631
397.5302 276.3823 169.4725
397.7298 276.5652 169.3902
397.9316 276.7435 169.316
398.1357 276.9168 169.2496
398.3422 277.0853 169.1906
398.5511 277.249 169.1385
398.7626 277.4083 169.0926
398.9769 277.5639 169.0522
399.1941 277.7162 169.0167
399.4141 277.8657 168.9856
399.637 278.0129 168.9582
399.8626 278.1583 168.9339
400.0905 278.3022 168.912
400.3206 278.4451 168.8921
400.5525 278.5873 168.8736
400.7856 278.729 168.856
401.0197 278.8703 168.8391
401.2542 279.0112 168.8224
401.4886 279.1518 168.8056
401.7227 279.2921 168.7885
401.9559 279.4321 168.7707
402.188 279.5717 168.7524
402.4186 279.711 168.7334
402.6474 279.8499 168.7138
402.8743 279.9885 168.6936
403.0989 280.1266 168.6733
403.3214 280.2643 168.653
403.5416 280.4016 168.6333
403.7596 280.5382 168.6147
403.9754 280.6743 168.5972
404.189 280.8099 168.581
404.4005 280.9449 168.566
404.6101 281.0794 168.5525
404.8179 281.2133 168.5404
405.0241 281.3466 168.5297
405.2289 281.4792 168.5204
405.4325 281.6111 168.5122
405.6348 281.7423 168.5046
405.8358 281.8728 168.4976
406.0355 282.0028 168.4912
406.2337 282.1322 168.4856
406.4303 282.2613 168.4808
406.6252 282.3902 168.4767
406.8185 282.5191 168.4732
407.0101 282.6484 168.4702
407.2001 282.7782 168.4672
407.3888 282.9092 168.4637
407.5763 283.0416 168.4588
407.7628 283.1762 168.4518
407.9483 283.3135 168.442
408.133 283.4543 168.4293
408.3168 283.5991 168.4136
408.4993 283.7486 168.3952
408.6802 283.9036 168.3746
408.8593 284.0646 168.352
409.0364 284.232 168.3272
409.2116 284.406 168.2999
409.3849 284.5867 168.2702
409.5566 284.7742 168.238
409.7269 284.9682 168.2035
409.8962 285.1683 168.1665
410.0644 285.3737 168.1267
410.2317 285.584 168.0844
410.3978 285.7983 168.0399
410.5625 286.0157 167.9935
410.7254 286.2354 167.946
410.8861 286.4564 167.8983
411.0442 286.6778 167.8514
411.1989 286.8984 167.806
411.3496 287.117 167.7621
411.4956 287.3327 167.7197
411.6367 287.5447 167.6783
411.7728 287.7524 167.6375
411.9038 287.9556 167.5964
412.0299 288.154 167.5539
412.1515 288.3481 167.5089
412.2682 288.5384 167.4611
412.3793 288.7258 167.4105
412.4839 288.911 167.3571
412.5812 289.095 167.3008
412.6704 289.2785 167.2412
412.7511 289.462 167.1774
412.8228 289.646 167.1082
412.8852 289.8301 167.0321
412.9382 290.0147 166.9481
412.9825 290.2002 166.8558
413.0178 290.3868 166.7551
413.0437 290.5748 166.6459
413.0597 290.7641 166.5281
413.0651 290.9554 166.4025
413.0593 291.1491 166.2699
413.0413 291.3453 166.131
413.0111 291.5441 165.9868
412.9686 291.7453 165.838
412.9135 291.9482 165.6856
412.8456 292.1518 165.5305
412.7643 292.3549 165.3736
412.6699 292.5565 165.2157
412.5634 292.7559 165.057
412.4455 292.9519 164.8977
412.317 293.1435 164.7381
412.1786 293.3299 164.5789
412.0307 293.5107 164.421
411.8741 293.686 164.2655
411.7093 293.8558 164.1139
411.5367 294.02 163.9669
411.3561 294.1781 163.8244
411.1683 294.33 163.6862
410.9742 294.4752 163.5521
410.7748 294.6136 163.4219
410.5708 294.7449 163.2956
410.3633 294.8694 163.1732
410.1528 294.9871 163.0545
409.9391 295.0981 162.9394
409.7224 295.2034 162.8276
409.5031 295.3035 162.7188
409.2817 295.3986 162.6126
409.0584 295.4885 162.5084
408.8335 295.5729 162.4062
408.6065 295.6514 162.3054
408.3778 295.7245 162.2056
408.1474 295.7931 162.1063
407.9154 295.8574 162.0072
407.6819 295.9177 161.9076
407.4473 295.9742 161.807
407.212 296.0274 161.7048
406.9763 296.078 161.6005
406.7405 296.1263 161.4935
406.5049 296.1728 161.3835
406.2696 296.2175 161.2704
406.0348 296.2603 161.1539
405.8004 296.3011 161.0338
405.5665 296.3388 160.9103
405.3331 296.3729 160.7832
405.1002 296.403 160.6527
404.8673 296.4291 160.5191
404.6341 296.4518 160.3826
404.4004 296.4718 160.244
404.166 296.4898 160.1037
403.9308 296.5062 159.9623
403.6949 296.5211 159.8204
403.4582 296.5346 159.6783
403.2209 296.5463 159.5365
402.983 296.5558 159.3954
402.7444 296.5632 159.2555
402.5053 296.5681 159.1171
402.2656 296.5697 158.9807
402.0254 296.5673 158.8466
401.7848 296.5604 158.7151
401.5441 296.5495 158.5861
401.3036 296.535 158.4594
401.0634 296.5175 158.335
400.8241 296.4973 158.2124
400.586 296.4748 158.0912
400.3496 296.4504 157.9709
400.1151 296.4246 157.851
399.8826 296.397 157.7305
399.6521 296.3671 157.6085
399.4239 296.3349 157.4842
399.1979 296.3006 157.3567
398.9741 296.2643 157.2251
398.7526 296.2265 157.0889
398.5335 296.1873 156.9476
398.3168 296.1473 156.8006
398.1026 296.107 156.6476
397.891 296.0669 156.4885
397.6822 296.0264 156.3234
397.4763 295.9856 156.1524
397.2735 295.9444 155.9755
397.0739 295.903 155.793
396.8777 295.8612 155.6052
396.6849 295.8188 155.4123
396.4958 295.7756 155.2148
396.3103 295.7319 155.0129
396.1286 295.688 154.8069
395.9509 295.644 154.5973
395.7774 295.5996 154.3845
395.6082 295.5546 154.169
395.4435 295.509 153.9511
395.2833 295.463 153.7312
395.1278 295.4166 153.5093
394.9769 295.3701 153.2857
394.8306 295.3237 153.0605
394.6886 295.2777 152.8337
394.5509 295.2324 152.6054
394.4172 295.188 152.3753
394.2872 295.145 152.1435
394.1607 295.1041 151.9098
394.0374 295.0661 151.6739
393.9171 295.0314 151.4357
393.7999 294.9996 151.1953
393.6858 294.9708 150.9525
393.5749 294.9448 150.7074
393.4674 294.9214 150.4598
393.3637 294.9006 150.2095
393.2639 294.8823 149.9564
393.1686 294.8664 149.7003
393.0776 294.8524 149.4414
392.9904 294.8398 149.1799
392.9064 294.8283 148.9161
392.8256 294.8173 148.6502
392.7476 294.8064 148.3826
392.6723 294.7951 148.1134
392.5998 294.7827 147.8431
392.5301 294.7684 147.5718
392.4635 294.7516 147.2998
392.3999 294.7315 147.0276
392.3392 294.7078 146.7554
392.2812 294.6802 146.4836
392.2255 294.6484 146.2124
392.1718 294.612 145.9424
392.12 294.5708 145.6738
392.0697 294.5242 145.4071
392.0203 294.4717 145.1426
391.9712 294.4131 144.8809
391.9225 294.348 144.622
391.8741 294.2764 144.3658
391.8259 294.1984 144.1126
391.7781 294.1141 143.8619
391.7309 294.0238 143.6137
391.6845 293.9278 143.3676
391.6389 293.8263 143.1236
391.5937 293.7193 142.8815
391.5488 293.6071 142.6414
391.5036 293.4897 142.4033
391.4577 293.3672 142.1673
391.4102 293.2397 141.9338
391.3609 293.1072 141.7027
391.309 292.9701 141.4744
391.2538 292.8285 141.2489
391.1948 292.6829 141.0266
391.1311 292.5336 140.8076
391.0622 292.3812 140.5922
390.9874 292.2264 140.3804
390.9066 292.0697 140.1723
390.8193 291.9118 139.9685
390.7248 291.753 139.7696
390.6223 291.5936 139.576
390.5113 291.4341 139.3883
390.3918 291.2747 139.207
390.2639 291.1158 139.0322
390.1281 290.9578 138.864
389.9845 290.8009 138.7025
389.8336 290.6455 138.5478
389.6754 290.4916 138.3999
389.5103 290.3394 138.2588
389.3384 290.1889 138.1246
389.16 290.0402 137.997
388.9755 289.8933 137.8759
388.7854 289.7481 137.761
388.5902 289.6047 137.652
388.3905 289.463 137.5488
388.1866 289.3226 137.4512
387.9789 289.1836 137.359
387.7677 289.0456 137.2721
387.5534 288.9087 137.1911
387.3363 288.7727 137.1158
387.1168 288.6377 137.0463
386.8954 288.5037 136.9824
386.6726 288.3711 136.9235
386.4488 288.2404 136.8693
386.2243 288.1118 136.8192
385.9993 287.9857 136.773
385.7741 287.8625 136.7302
385.5491 287.7429 136.6905
385.3247 287.627 136.6535
385.1013 287.5156 136.6191
384.8791 287.4092 136.5872
384.6585 287.3081 136.5576
384.4397 287.2131 136.5301
384.2227 287.1244 136.5046
384.0074 287.0426 136.4808
383.7938 286.9683 136.4583
383.5815 286.9018 136.4367
383.3703 286.8439 136.4158
383.1598 286.7947 136.395
382.9493 286.7547 136.3741
382.7381 286.7239 136.3527
382.5257 286.7023 136.3309
382.3119 286.6902 136.3095
382.0969 286.6879 136.2893
381.8807 286.6955 136.271
381.6633 286.7133 136.255
381.445 286.7413 136.2416
381.2258 286.7795 136.231
381.006 286.8275 136.2236
380.7857 286.8847 136.22
380.5651 286.9503 136.2206
380.3447 287.0242 136.225
380.1254 287.106 136.2331
379.9079 287.1955 136.245
379.693 287.2922 136.2614
379.4815 287.3955 136.2828
379.2742 287.5048 136.3102
379.0718 287.6196 136.3439
378.8751 287.7392 136.3837
378.6846 287.8631 136.4291
378.5006 287.9909 136.479
378.3237 288.1222 136.5327
378.1536 288.2569 136.5892
377.9901 288.3943 136.6479
377.8327 288.5341 136.7081
377.6811 288.6763 136.7695
377.5351 288.8209 136.832
377.3942 288.9683 136.8954
377.2584 289.1192 136.9598
377.1275 289.2745 137.0251
377.001 289.4351 137.0908
376.8781 289.6013 137.1567
376.7577 289.773 137.2234
376.6388 289.95 137.2912
376.5215 290.1321 137.3602
376.406 290.3196 137.4305
376.2924 290.5123 137.5015
376.1807 290.71 137.5733
376.0706 290.9124 137.6453
375.9621 291.1188 137.7173
375.8551 291.329 137.7895
375.7499 291.5425 137.8618
375.6467 291.7589 137.9343
375.5459 291.9779 138.0067
375.4475 292.1988 138.0786
375.3517 292.4214 138.1494
375.2584 292.645 138.2187
375.1676 292.8693 138.2858
375.0791 293.0936 138.3501
374.9928 293.3175 138.4112
374.9082 293.5406 138.4683
374.8254 293.763 138.5206
374.7448 293.985 138.5675
374.6668 294.2072 138.6088
374.5913 294.43 138.644
374.5177 294.6538 138.673
374.4451 294.8788 138.6957
374.3731 295.1054 138.7126
374.3011 295.334 138.724
374.2288 295.5651 138.7308
374.1557 295.7987 138.734
374.0814 296.0353 138.7344
374.0058 296.2749 138.7322
373.9289 296.5177 138.728
373.8509 296.7638 138.7221
373.7723 297.0133 138.7153
373.6926 297.266 138.7077
373.6118 297.5216 138.6995
373.5298 297.7798 138.6912
373.4468 298.0401 138.683
373.3626 298.302 138.6748
373.277 298.565 138.6666
373.19 298.8284 138.6583
373.1012 299.0918 138.65
373.0102 299.3546 138.6412
372.9168 299.6162 138.6319
372.8207 299.8761 138.6213
372.7213 300.1339 138.6091
372.6185 300.3892 138.5944
372.512 300.6418 138.577
372.4018 300.8914 138.5566
372.2879 301.138 138.5331
372.1699 301.3813 138.5066
372.0476 301.6213 138.4773
371.9203 301.8578 138.4456
371.7874 302.0908 138.4114
371.648 302.3201 138.3748
371.5024 302.546 138.3363
371.3504 302.7687 138.2965
371.1919 302.9885 138.256
371.027 303.2054 138.2151
370.8555 303.4196 138.1744
370.6778 303.6313 138.1342
370.494 303.8406 138.0953
370.3045 304.0477 138.0581
370.1097 304.2531 138.0233
369.9103 304.457 137.9919
369.7067 304.6598 137.9644
369.4996 304.8617 137.9412
369.2899 305.0631 137.9224
369.0782 305.264 137.9078
368.8652 305.4644 137.8969
368.6512 305.6642 137.8893
368.4368 305.8633 137.8844
368.2224 306.0618 137.8817
368.0086 306.2604 137.8812
367.7957 306.4591 137.8826
367.5837 306.6574 137.8851
367.3725 306.8554 137.8892
367.2341 306.9831 137.8923
367.1015 307.1057 137.8958
366.9746 307.2233 137.8996
366.8535 307.3365 137.904
366.738 307.4457 137.909
366.6281 307.5511 137.9146
366.5232 307.6533 137.9206
366.4231 307.7523 137.9266
366.3269 307.8482 137.9318
366.2343 307.9413 137.9359
