#pt3d 680
358.202 276.3351 423.4338
358.2532 276.3356 423.3268
358.3055 276.3359 423.2188
358.3591 276.3358 423.1095
358.4143 276.3358 422.9983
358.4712 276.3359 422.8848
358.53 276.3367 422.7685
358.5909 276.338 422.6489
358.6539 276.3396 422.5257
358.7194 276.3415 422.3982
358.7873 276.3438 422.2663
358.8939 276.3479 422.0566
359.0004 276.3516 421.8489
359.107 276.3544 421.6431
359.2141 276.3568 421.4392
359.3219 276.3589 421.2371
359.4305 276.3606 421.0363
359.5402 276.3616 420.8368
359.6509 276.3621 420.6383
359.7626 276.3634 420.4401
359.8754 276.3662 420.2418
359.9893 276.3703 420.0429
360.1043 276.3755 419.8427
360.2206 276.3823 419.6409
360.3382 276.3903 419.4372
360.4569 276.399 419.2314
360.5764 276.4077 419.023
360.6966 276.416 418.812
360.8172 276.4241 418.5984
360.9383 276.4324 418.3824
361.06 276.441 418.1642
361.1824 276.4498 417.9442
361.3057 276.4588 417.7225
361.4296 276.4684 417.4993
361.5539 276.479 417.275
361.6783 276.4907 417.0496
361.8024 276.5037 416.8234
361.9257 276.5178 416.5966
362.0484 276.5326 416.3694
362.1706 276.548 416.1425
362.2923 276.5631 415.9161
362.4138 276.5776 415.6908
362.5352 276.5917 415.4671
362.6563 276.6052 415.2453
362.7773 276.6181 415.0256
362.8978 276.6306 414.8082
363.0179 276.6433 414.5931
363.1376 276.6567 414.3806
363.2569 276.6707 414.1704
363.3755 276.6851 413.9622
363.493 276.6997 413.7554
363.6091 276.7142 413.5494
363.7233 276.7286 413.3436
363.8354 276.7429 413.1374
363.9455 276.7574 412.9302
364.0538 276.7721 412.7216
364.1606 276.7874 412.5112
364.2663 276.8034 412.2986
364.3711 276.8202 412.0836
364.4752 276.8385 411.8658
364.5786 276.8588 411.6452
364.6815 276.8818 411.422
364.784 276.9078 411.196
364.886 276.9371 410.9673
364.9877 276.9699 410.7362
365.0891 277.006 410.503
365.1905 277.0456 410.268
365.2922 277.0886 410.0318
365.3943 277.1348 409.7947
365.4973 277.1842 409.5575
365.6013 277.2363 409.3206
365.7066 277.2911 409.0845
365.8135 277.3481 408.8499
365.9223 277.4072 408.6172
366.0329 277.4681 408.3866
366.1451 277.5303 408.1585
366.2589 277.5934 407.9328
366.3745 277.6572 407.7097
366.4916 277.7213 407.4889
366.6103 277.7852 407.2702
366.7305 277.8485 407.0532
366.8521 277.9107 406.8373
366.9753 277.9713 406.6221
367.1007 278.0301 406.4073
367.2288 278.0871 406.1931
367.3593 278.1423 405.9787
367.4919 278.1963 405.7632
367.6264 278.2497 405.5465
367.7629 278.303 405.3284
367.9014 278.3567 405.1092
368.0422 278.4109 404.8891
368.1849 278.466 404.6684
368.3294 278.5223 404.4475
368.4751 278.5798 404.2267
368.6217 278.6387 404.0063
368.769 278.6989 403.7867
368.9168 278.7603 403.5682
369.0647 278.8229 403.351
369.2126 278.8868 403.1353
369.3601 278.9521 402.9213
369.5068 279.0192 402.7089
369.6523 279.0881 402.498
369.7964 279.1589 402.2882
369.9392 279.2316 402.0797
370.081 279.306 401.8724
370.2219 279.3816 401.6659
370.3631 279.4581 401.4606
370.5054 279.5354 401.257
370.6496 279.6127 401.0546
370.7962 279.6896 400.8531
370.945 279.7661 400.6515
371.0961 279.842 400.4492
371.2497 279.9174 400.2455
371.4057 279.9922 400.0403
371.5644 280.0669 399.8338
371.7256 280.1412 399.6261
371.8894 280.2151 399.4174
372.0557 280.2882 399.208
372.2248 280.36 398.9985
372.3967 280.43 398.7896
372.5718 280.498 398.5822
372.7501 280.5635 398.3768
372.932 280.6263 398.1742
373.1174 280.6866 397.9749
373.3059 280.7445 397.7786
373.4967 280.7999 397.585
373.6896 280.8525 397.3939
373.8841 280.902 397.2049
374.0797 280.9481 397.0173
374.2763 280.9909 396.8311
374.4737 281.0305 396.6463
374.6719 281.0668 396.4631
374.8709 281.1 396.2819
375.0706 281.1304 396.1028
375.271 281.1582 395.9261
375.4718 281.1835 395.7516
375.6726 281.2064 395.5793
375.8728 281.2273 395.4093
376.0722 281.2466 395.2416
376.27 281.2646 395.0762
376.4658 281.2817 394.9128
376.659 281.2981 394.7514
376.8491 281.3139 394.5918
377.0358 281.3293 394.4338
377.2191 281.3443 394.2773
377.399 281.3587 394.1224
377.576 281.3727 393.9689
377.7505 281.3869 393.8171
377.9232 281.4014 393.6671
378.0949 281.416 393.5187
378.2662 281.4302 393.3712
378.4376 281.444 393.2238
378.6097 281.4572 393.0756
378.7828 281.4699 392.9253
378.957 281.4815 392.7714
379.1328 281.4916 392.6133
379.311 281.5001 392.4505
379.492 281.507 392.2832
379.6763 281.5128 392.1114
379.864 281.5177 391.9356
380.0553 281.5214 391.7562
380.2503 281.5236 391.574
380.449 281.5241 391.3896
380.651 281.5229 391.2036
380.856 281.5202 391.0167
381.0635 281.516 390.8295
381.2725 281.5104 390.6422
381.4822 281.5035 390.455
381.6919 281.4955 390.2682
381.901 281.4861 390.082
382.1092 281.4756 389.8967
382.3162 281.4644 389.713
382.5223 281.4525 389.5312
382.7275 281.4397 389.3516
382.9322 281.4264 389.1744
383.1368 281.4133 388.9998
383.3415 281.4011 388.8271
383.5461 281.3903 388.6556
383.7504 281.3804 388.4841
383.9543 281.371 388.3119
384.1575 281.3617 388.1381
384.3597 281.3534 387.962
384.5605 281.3467 387.7833
384.7597 281.3422 387.6018
384.9572 281.3406 387.418
385.1529 281.342 387.2322
385.3465 281.3462 387.0447
385.5374 281.3529 386.8564
385.7254 281.362 386.6676
385.9098 281.3732 386.4788
386.09 281.3865 386.2902
386.2655 281.4018 386.102
386.4354 281.419 385.914
386.5992 281.4382 385.7264
386.7568 281.4596 385.5392
386.9081 281.4831 385.3525
387.0533 281.508 385.1661
387.1925 281.5342 384.98
387.3264 281.5616 384.7939
387.4552 281.5901 384.6075
387.5796 281.6198 384.4204
387.6997 281.6509 384.2321
387.8158 281.6833 384.0422
387.9283 281.7168 383.8501
388.0371 281.7516 383.6553
388.1426 281.7875 383.4573
388.2452 281.8249 383.256
388.3456 281.8648 383.0514
388.4444 281.9084 382.8436
388.5416 281.9565 382.6328
388.6375 282.0096 382.4192
388.7321 282.0682 382.2031
388.8254 282.1322 381.9848
388.9175 282.2014 381.7643
389.0081 282.2754 381.5419
389.0972 282.3539 381.3181
389.1843 282.4367 381.0931
389.269 282.5232 380.8677
389.351 282.6132 380.6421
389.4302 282.7064 380.4169
389.5065 282.8029 380.1929
389.5803 282.9026 379.9704
389.6517 283.0054 379.7499
389.721 283.111 379.5315
389.7884 283.2188 379.3153
389.8544 283.3284 379.1012
389.9195 283.4394 378.8889
389.984 283.5515 378.6783
390.0485 283.664 378.4689
390.1132 283.7765 378.2601
390.1787 283.8885 378.0518
390.2453 284.0001 377.8437
390.3134 284.1114 377.6357
390.3835 284.2228 377.428
390.4557 284.3349 377.2207
390.5304 284.4482 377.0141
390.6078 284.5629 376.808
390.6881 284.6793 376.6025
390.7716 284.7976 376.3975
390.8584 284.9181 376.1929
390.9485 285.0409 375.9886
391.042 285.1661 375.7845
391.1388 285.2938 375.5805
391.239 285.4237 375.3764
391.3424 285.5562 375.1724
391.4491 285.6912 374.9687
391.5588 285.829 374.7655
391.6712 285.9696 374.5629
391.786 286.1129 374.3613
391.9033 286.2588 374.1607
392.0229 286.4071 373.9612
392.1453 286.5578 373.7631
392.2707 286.7106 373.5663
392.399 286.8653 373.371
392.5303 287.0215 373.1772
392.6645 287.1793 372.985
392.8017 287.3384 372.7943
392.9417 287.4988 372.6053
393.0844 287.6606 372.418
393.2298 287.8237 372.2326
393.3777 287.9882 372.0491
393.5279 288.1544 371.8676
393.6803 288.322 371.6879
393.8349 288.4911 371.5102
393.9915 288.6614 371.3342
394.1502 288.8327 371.1599
394.3114 289.0046 370.9875
394.4752 289.1768 370.817
394.6414 289.3493 370.6484
394.8093 289.522 370.4819
394.9781 289.695 370.3173
395.1475 289.8678 370.1549
395.317 290.0402 369.9948
395.4862 290.2117 369.8369
395.655 290.3822 369.6815
395.823 290.5512 369.5286
395.9901 290.7185 369.3782
396.1563 290.8841 369.2305
396.3212 291.0477 369.0854
396.4851 291.2093 368.9428
396.6479 291.3687 368.8027
396.8098 291.526 368.6652
396.9713 291.6811 368.5304
397.1326 291.8342 368.3983
397.294 291.9855 368.2691
397.456 292.1352 368.1427
397.6186 292.2837 368.019
397.7817 292.4313 367.8979
397.9451 292.5786 367.7788
398.1088 292.7256 367.6615
398.2734 292.8726 367.5456
398.439 293.0196 367.4311
398.6058 293.1669 367.3173
398.7741 293.3142 367.2037
398.9439 293.4615 367.0899
399.1153 293.6087 366.9755
399.2884 293.7556 366.8599
399.4631 293.902 366.7429
399.6393 294.0478 366.6239
399.8168 294.1928 366.5026
399.9954 294.3372 366.3789
400.1746 294.4811 366.2526
400.354 294.6247 366.1235
400.5332 294.7681 365.9913
400.7117 294.9117 365.8561
400.8892 295.0556 365.718
401.0654 295.2 365.5769
401.2404 295.3449 365.4333
401.4138 295.4907 365.2875
401.5857 295.6375 365.1397
401.7559 295.7856 364.9902
401.9243 295.935 364.8394
402.0906 296.0862 364.6875
402.2546 296.2394 364.5348
402.4157 296.3952 364.3816
402.5737 296.5535 364.2279
402.7285 296.7146 364.0737
402.8798 296.8783 363.9191
403.0278 297.0445 363.7641
403.1726 297.2131 363.6084
403.3145 297.3838 363.4521
403.4538 297.5564 363.2949
403.5911 297.7305 363.1368
403.7271 297.9058 362.9777
403.8624 298.0821 362.8178
403.9973 298.2593 362.657
404.132 298.4373 362.4953
404.2665 298.6162 362.3325
404.4009 298.796 362.1687
404.5353 298.9766 362.0036
404.6696 299.1581 361.8373
404.8035 299.3403 361.6698
404.9368 299.5235 361.5011
405.0689 299.7076 361.331
405.1991 299.8925 361.1596
405.3267 300.0783 360.9866
405.4511 300.2648 360.8119
405.5715 300.4517 360.6353
405.687 300.6388 360.4566
405.7969 300.8257 360.2753
405.9005 301.0118 360.0913
405.9971 301.1967 359.9041
406.0862 301.3796 359.7136
406.1672 301.5597 359.5191
406.2397 301.7366 359.3202
406.3034 301.9094 359.1166
406.3582 302.0778 358.908
406.4042 302.2413 358.6943
406.4416 302.3995 358.4755
406.4704 302.5523 358.2518
406.4909 302.6994 358.0234
406.5034 302.8408 357.7907
406.5079 302.9767 357.5543
406.5048 303.1074 357.3146
406.4946 303.2333 357.0723
406.4776 303.3552 356.828
406.4544 303.4734 356.5824
406.4253 303.5888 356.3359
406.3906 303.7017 356.0892
406.3507 303.8127 355.8426
406.3057 303.9222 355.5965
406.2557 304.0303 355.3512
406.2011 304.1373 355.1072
406.1423 304.2431 354.8644
406.0796 304.348 354.6233
406.0131 304.4524 354.3839
405.9432 304.5563 354.1466
405.8702 304.6598 353.9114
405.7943 304.7628 353.6783
405.7159 304.8651 353.4474
405.6352 304.9667 353.2183
405.5524 305.0673 352.9908
405.4677 305.1665 352.7645
405.3809 305.264 352.539
405.2916 305.3596 352.314
405.1994 305.4527 352.0892
405.1038 305.5434 351.8643
405.0048 305.632 351.639
404.9024 305.7188 351.4133
404.7963 305.8046 351.1874
404.6861 305.8901 350.962
404.5716 305.9758 350.7376
404.4529 306.0614 350.5145
404.3302 306.1469 350.2931
404.2036 306.232 350.074
404.0734 306.3163 349.8576
403.9403 306.399 349.6445
403.8048 306.4795 349.4346
403.6674 306.5573 349.2281
403.5287 306.6319 349.0251
403.389 306.7029 348.8257
403.2488 306.7701 348.63
403.1083 306.8334 348.4379
402.9674 306.8927 348.2492
402.8264 306.9481 348.0635
402.6857 306.9998 347.88
402.5459 307.0478 347.6979
402.4067 307.092 347.5164
402.2674 307.1322 347.3351
402.127 307.168 347.1534
401.9847 307.1996 346.9709
401.8399 307.2273 346.7873
401.6914 307.252 346.6028
401.5383 307.2748 346.4177
401.3799 307.2963 346.2323
401.216 307.317 346.0462
401.0462 307.3371 345.8596
400.8705 307.3568 345.6726
400.6889 307.3762 345.4853
400.5014 307.3952 345.298
400.3083 307.4136 345.111
400.1101 307.4312 344.9244
399.9073 307.4476 344.7384
399.7006 307.4627 344.5532
399.4904 307.4762 344.3688
399.2774 307.4879 344.1854
399.0618 307.4978 344.0032
398.8438 307.5059 343.8225
398.6236 307.5123 343.643
398.4018 307.5173 343.4647
398.179 307.521 343.2868
397.9559 307.5236 343.1088
397.7333 307.525 342.9298
397.5117 307.5251 342.7491
397.2913 307.5243 342.5665
397.0717 307.523 342.3823
396.8524 307.5217 342.1972
396.6329 307.5205 342.0117
396.4128 307.5199 341.8264
396.1917 307.5198 341.6418
395.9697 307.5205 341.4586
395.7464 307.5219 341.277
395.522 307.5241 341.0974
395.2966 307.5272 340.92
395.0702 307.531 340.7446
394.8432 307.5357 340.5712
394.6159 307.5412 340.3994
394.3885 307.5473 340.2289
394.1613 307.5528 340.0592
393.9343 307.5569 339.89
393.7078 307.5585 339.7211
393.4818 307.5571 339.552
393.2561 307.552 339.3827
393.0308 307.543 339.2127
392.8061 307.53 339.0415
392.5821 307.513 338.8687
392.3592 307.4925 338.6935
392.1375 307.4688 338.5158
391.9171 307.4419 338.3353
391.6983 307.4121 338.1521
391.4811 307.3794 337.9663
391.2658 307.3437 337.7781
391.0523 307.3051 337.5877
390.841 307.2632 337.3956
390.6318 307.2181 337.2022
390.4251 307.1697 337.0075
390.221 307.1188 336.8118
390.0199 307.066 336.6153
389.8218 307.0118 336.4182
389.6272 306.9575 336.2205
389.4361 306.9042 336.022
389.2489 306.8526 335.8223
389.0656 306.8031 335.6213
388.8864 306.7557 335.4187
388.7113 306.7102 335.2143
388.5401 306.666 335.0082
388.3728 306.6225 334.8002
388.209 306.5792 334.5906
388.0485 306.536 334.3791
387.8911 306.4928 334.1658
387.7365 306.4496 333.9508
387.5843 306.4063 333.7342
387.4343 306.363 333.5161
387.286 306.3198 333.2969
387.1392 306.2768 333.0768
386.9935 306.234 332.856
386.8486 306.1917 332.6349
386.704 306.1493 332.4136
386.5595 306.1069 332.1923
386.415 306.0643 331.971
386.2705 306.0216 331.7495
386.126 305.9787 331.5276
385.9819 305.9359 331.3051
385.8384 305.8932 331.0819
385.696 305.8508 330.8577
385.5553 305.8089 330.6322
385.4169 305.7677 330.4053
385.2815 305.7271 330.1766
385.1499 305.6869 329.9461
385.0225 305.6465 329.7135
384.8999 305.6055 329.479
384.7825 305.5635 329.2427
384.6705 305.52 329.0047
384.5639 305.4748 328.7651
384.4627 305.4275 328.5243
384.3667 305.3778 328.2826
384.2756 305.3256 328.0403
384.1889 305.2705 327.798
384.1064 305.2121 327.556
384.0274 305.1502 327.3147
383.9515 305.0849 327.0745
383.8783 305.0163 326.8354
383.8072 304.9445 326.5977
383.738 304.8692 326.3612
383.6703 304.7906 326.126
383.604 304.7082 325.8919
383.5388 304.622 325.6587
383.4749 304.5317 325.426
383.4121 304.437 325.1938
383.3503 304.338 324.9616
383.2893 304.2347 324.7297
383.2291 304.1272 324.4978
383.1693 304.0156 324.2661
383.1095 303.9001 324.035
383.0493 303.7809 323.8047
382.988 303.6585 323.5759
382.9249 303.5332 323.3491
382.8589 303.4057 323.1252
382.7891 303.2764 322.905
382.7148 303.1456 322.689
382.6352 303.0136 322.4779
382.5495 302.8807 322.2721
382.4571 302.7469 322.072
382.3573 302.6128 321.878
382.2497 302.4783 321.69
382.1339 302.3439 321.508
382.0097 302.2097 321.3319
381.877 302.0758 321.1611
381.736 301.9425 320.9953
381.5867 301.8102 320.8337
381.4294 301.6789 320.676
381.2647 301.5489 320.5211
381.0932 301.4204 320.3684
380.9156 301.2934 320.2172
380.7329 301.168 320.0665
380.5459 301.0442 319.9155
380.3556 300.922 319.7635
380.1631 300.8012 319.6099
379.9694 300.6815 319.4542
379.7753 300.5631 319.2958
379.581 300.4463 319.1349
379.3867 300.3316 318.9716
379.1926 300.2195 318.8061
378.9984 300.1104 318.639
378.804 300.0049 318.4707
378.6092 299.9032 318.3018
378.4136 299.8057 318.1331
378.217 299.7126 317.9651
378.0189 299.6241 317.7986
377.8192 299.5401 317.6342
377.6177 299.4603 317.4722
377.4145 299.3846 317.313
377.2095 299.3126 317.1564
377.0027 299.2441 317.0027
376.7942 299.1789 316.8516
376.584 299.1167 316.7029
376.3722 299.0575 316.5562
376.1589 299.0011 316.4111
375.944 298.9479 316.267
375.7274 298.8983 316.1235
375.5094 298.8527 315.9799
375.29 298.8113 315.8358
375.0693 298.7745 315.6909
374.8474 298.7427 315.5449
374.6246 298.7164 315.3978
374.4009 298.696 315.2494
374.1765 298.6819 315.0999
373.9517 298.6746 314.9494
373.7266 298.6746 314.7984
373.5015 298.6823 314.6471
373.2767 298.6981 314.4959
373.0524 298.7223 314.3452
372.8288 298.755 314.1952
372.6062 298.7962 314.0463
372.3848 298.846 313.8987
372.1649 298.9043 313.7525
371.9466 298.9708 313.6079
371.7301 299.0452 313.4647
371.5156 299.1272 313.323
371.303 299.2163 313.1826
371.0927 299.3117 313.0434
370.8844 299.4129 312.9052
370.6782 299.5193 312.7679
370.4738 299.6302 312.6312
370.2713 299.7453 312.4951
370.0702 299.8639 312.3593
369.8704 299.9856 312.2239
369.6715 300.11 312.0888
369.4732 300.2366 311.9542
369.2752 300.3653 311.8202
369.0771 300.4955 311.6868
368.8789 300.6271 311.5545
368.6802 300.76 311.4234
368.481 300.8939 311.2938
368.2812 301.0288 311.166
368.0807 301.1649 311.0402
367.8798 301.3021 310.9169
367.6783 301.4406 310.796
367.4765 301.5807 310.6777
367.2745 301.7226 310.5622
367.0725 301.8666 310.4492
366.8708 302.013 310.3386
366.6695 302.162 310.23
366.4689 302.3137 310.1231
366.2692 302.4684 310.0172
366.0706 302.6261 309.9116
365.8735 302.7869 309.8057
365.6781 302.9506 309.6986
365.4846 303.1172 309.5896
365.2934 303.2866 309.4776
365.1045 303.4584 309.3621
364.9182 303.6323 309.2422
364.7345 303.8082 309.1177
364.5533 303.9856 308.988
364.3747 304.1641 308.8531
364.1983 304.3434 308.713
364.024 304.5231 308.5676
363.8514 304.7028 308.4174
363.68 304.8821 308.2627
363.5093 305.0607 308.104
363.3387 305.2382 307.942
363.1679 305.4145 307.7771
362.9965 305.5893 307.6099
362.8242 305.7624 307.4408
362.6508 305.9337 307.2703
362.4762 306.103 307.0986
362.3006 306.2704 306.926
362.1241 306.4356 306.7528
361.9472 306.5986 306.5789
361.7702 306.7595 306.4046
361.5934 306.9183 306.2301
361.4175 307.075 306.0553
361.2427 307.2295 305.8803
361.0695 307.3817 305.705
360.8982 307.5314 305.5292
360.7293 307.6783 305.3529
360.5628 307.822 305.1758
360.399 307.9621 304.9977
360.2378 308.0983 304.8184
360.0792 308.2306 304.6379
359.9231 308.3589 304.4562
359.7691 308.4833 304.2731
359.6172 308.6038 304.0888
359.4669 308.7206 303.9032
359.3177 308.8337 303.7164
359.1693 308.9433 303.5284
359.021 309.0497 303.3394
358.8723 309.1532 303.1495
358.7227 309.2539 302.9588
358.5714 309.3523 302.7676
358.4182 309.4485 302.5758
358.2627 309.5429 302.3835
358.1046 309.6358 302.1907
357.9437 309.7278 301.9977
357.78 309.8192 301.8045
357.6134 309.9105 301.6112
357.4444 310.0022 301.4177
357.2732 310.0947 301.224
357.1001 310.1886 301.0303
356.9255 310.2842 300.8364
356.7497 310.3811 300.6421
356.5732 310.4791 300.4473
356.3961 310.5779 300.2519
356.2184 310.6773 300.056
356.0403 310.7774 299.8596
355.8618 310.8781 299.663
355.6829 310.9793 299.4662
355.5036 311.0812 299.2697
355.3237 311.1837 299.0735
355.1426 311.287 298.8773
355.0267 311.3539 298.7503
354.9149 311.4188 298.6283
354.8072 311.4814 298.5113
354.7033 311.542 298.3989
354.6032 311.6004 298.2908
354.5066 311.6567 298.1866
354.4132 311.711 298.086
354.3226 311.7634 297.9888
354.2344 311.8138 297.8946
354.1482 311.8622 297.8029
