#pt3d 93
0 0 -0.546984901075027
0 0 3.67394039744206e-15
0.009137594713562791 0 0.523492450537519
0.03653924610263637 0 1.0463471061618845
0.08217156947589999 0 1.5679269490148078
0.14597896887644524 0 2.087596514400982
0.22788370481687892 0 2.604722665003956
0.32778598899291467 0 3.1186753622663916
0.44556410586005235 0 3.6288284339950176
0.5810745609252166 0 4.13456033725499
0.7341522555726971 0 4.635254915624214
0.9046106882113758 0 5.1303021498850345
1.0922421814981895 0 5.619098901238686
1.2968181353609882 0 6.1010496461370085
1.518089305512495 0 6.5755672018361615
1.7557861071160943 0 7.042073441788363
2.00961894323342 0 7.500000000000001
2.27927855765361 0 7.9487889634980755
2.564436411674375 0 8.387893552061206
2.864745084375789 0 8.8167787843871
3.1798386958991713 0 9.234922129884877
3.5093333532153324 0 9.641814145298094
3.852827617839088 0 10.036959095382876
4.209902994920231 0 10.419875556884959
4.580124443115039 0 10.790097005079767
4.963040904617127 0 11.147172382160916
5.35818585470191 0 11.490666646784671
5.765077870115126 0 11.820161304100832
6.183221215612905 0 12.135254915624214
6.6121064479388 0 12.435563588325628
7.051211036501928 0 12.720721442346393
7.5000000000000036 0 12.990381056766582
7.9579265582116365 0 13.244213892883906
8.424432798163838 0 13.481910694487505
8.898950353862997 0 13.703181864639015
9.380901098761319 0 13.907757818501812
9.869697850114969 0 14.095389311788628
10.364745084375791 0 14.265847744427306
10.865439662745015 0 14.418925439074785
11.371171566004984 0 14.55443589413995
11.88132463773361 0 14.672214011007087
12.395277334996045 0 14.772116295183123
12.91240348559902 0 14.854021031123557
13.432073050985197 0 14.917828430524102
13.95365289383812 0 14.963460753897365
14.476507549462486 0 14.990862405286439
15.000000000000002 0 15.000000000000002
15.523492450537516 0 14.990862405286439
16.04634710616188 0 14.963460753897365
16.5679269490148 0 14.917828430524102
17.087596514400982 0 14.854021031123557
17.604722665003955 0 14.772116295183123
18.11867536226639 0 14.672214011007085
18.628828433995015 0 14.55443589413995
19.13456033725499 0 14.418925439074785
19.635254915624213 0 14.265847744427305
20.130302149885033 0 14.095389311788626
20.61909890123868 0 13.907757818501812
21.101049646137003 0 13.703181864639015
21.57556720183616 0 13.481910694487507
22.04207344178836 0 13.244213892883906
22.5 0 12.99038105676658
22.948788963498075 0 12.720721442346393
23.3878935520612 0 12.435563588325628
23.816778784387097 0 12.135254915624214
24.234922129884872 0 11.820161304100832
24.641814145298092 0 11.490666646784671
25.036959095382873 0 11.147172382160916
25.41987555688496 0 10.790097005079769
25.790097005079765 0 10.41987555688496
26.147172382160914 0 10.036959095382874
26.490666646784668 0 9.64181414529809
26.82016130410083 0 9.234922129884875
27.135254915624213 0 8.816778784387099
27.43556358832563 0 8.387893552061206
27.720721442346388 0 7.9487889634980755
27.99038105676658 0 7.500000000000001
28.244213892883906 0 7.0420734417883635
28.481910694487503 0 6.575567201836163
28.703181864639014 0 6.101049646137005
28.90775781850181 0 5.619098901238682
29.095389311788626 0 5.130302149885033
29.265847744427305 0 4.635254915624213
29.418925439074783 0 4.134560337254989
29.55443589413995 0 3.6288284339950176
29.672214011007085 0 3.118675362266392
29.77211629518312 0 2.6047226650039565
29.854021031123555 0 2.087596514400983
29.9178284305241 0 1.5679269490148038
29.963460753897365 0 1.0463471061618814
29.990862405286435 0 0.5234924505375165
30.0 0 1.83697019872103e-15
30 0 -0.5469849010750292
